64 

	a0 = 0.480629
	a1 = -0.358286
	a2 = 0.892861

128
	a0 = 0.487648
	a1 = -0.354405
	a2 = 0.915513


256

	a0 = 0.492789
	a1 = -0.30903
	a2 = 1.06414

512

	a0 = 0.496422
	a1 = -0.337003
	a2 = 0.962895

1024
	a0 = 0.495809
	a1 = -0.323061
	a2 = 1.01611
	a3 = 0.508631
